 [Molden Format]
 [N_FREQ]
                    9
 [FREQ]
   1066.2137754315768     
   1081.9629321051762     
   1162.6428830546038     
   1368.6681570341716     
   1474.4048779718007     
   1718.4703887545522     
   3001.8830158298510     
   3104.4852890603638     
   3386.3759342277194     
 [INT]
   30.042119151734568     
   16.057379163353161     
   39.891414636686228     
   48.687893255186175     
   3.8000058759964888     
   24.096942247630800     
   50.139415517967237     
   40.648224831849888     
   4.8458028148398720     
 [NATOM]
                    5
 [FR-COORD]
  C  -4.0026011736342895        1.6914984362683405       -5.2863501685551581E-002
  N  -1.6639238157202374        2.2221225387099426        8.1894797942231354E-002
  H  -5.3547288377526403        2.4759401254039308       -1.4426484812478393     
  H  -4.7983276237744956       0.33586743536870095        1.3139271449307390     
  H  -1.1924627491183371        3.5063894442490855       -1.3063251599395804     
 [FR-NORM-COORD]
 vibration                     1
  -2.0488276994462970E-002   3.8403785391422300E-002  -5.5548399580397985E-002
  -2.5306184054066219E-002  -1.2193782271577412E-002   6.6876099905382996E-003
 -0.44315041591057930      -0.25922717513096571       0.17478892205031196     
  0.45230921357266080       -1.1933562238881548E-002  0.17627861514985146     
  0.58640459163403758       -1.6681874072710053E-002  0.21741774450273402     
 vibration                     2
   3.0974067279873702E-002 -0.11099674713798278       -9.1132177689278851E-002
  -9.2186464235290092E-003   3.3024377838332557E-002   2.7044035769272626E-002
 -0.12576256946462647       0.48304449794432042       0.39599990247448802     
 -0.11832172730389966       0.41242471614221182       0.34174217715631044     
   3.3684864732246053E-003  -3.2702234672065490E-002  -2.8406158063190919E-002
 vibration                     3
   4.9213319168737990E-004  -1.1872706666219864E-003  -2.9820463183892449E-004
   1.3711286658677272E-002  -5.0680639450006428E-002  -4.2562899797698242E-002
   6.6334344787683394E-002 -0.22895093116815177      -0.19371624496006118     
 -0.10269067241469275       0.36683081546240343       0.30544553762470628     
 -0.16001283740529451       0.58043130034452095       0.48320521691552792     
 vibration                     4
   8.7436864890162447E-003  -6.7950469147166806E-002   8.5090631252636939E-002
  -5.4187849011867011E-002   4.8524248204335402E-002  -7.6070316002010127E-002
  0.30435149098604763       0.15133151752017998       -8.2117303855114912E-002
 -0.31412675648587873       -3.7285356754909738E-002  -6.3156285209562638E-002
  0.65857064274804733        2.0815533283567784E-002  0.18906163567355427     
 vibration                     5
   1.8935040583130704E-002   8.5824633465432613E-003  -3.6400753313267130E-003
  -9.1343265407411667E-002  -2.4637274790287433E-002  -5.1130962572030906E-004
  0.47887423618586639       0.31989137882470459      -0.22737706123786175     
  0.63286173392267475       -4.9377537002946809E-002  0.26563386340845141     
  -6.8036930423787473E-002  -3.0384837026286551E-002   1.2189266222417653E-002
 vibration                     6
 -0.20365522085769933       -5.3057444687134907E-002  -3.8201530588548608E-003
  0.15122597011555117        3.6405626830611930E-002   6.2541154621836197E-003
   8.7530549601873939E-002  0.16451695829062013      -0.16764312127773304     
  0.13538002646161373       -9.1781534384246632E-002  0.15652995246842094     
  0.10079065077620980        5.3177949447839587E-002  -3.0297794014862246E-002
 vibration                     7
  -6.1801708035529014E-002   5.6284351235998528E-003  -2.7362892423357921E-002
   2.2531343564567681E-003  -8.1268678393045914E-004   1.6886243722201207E-003
  0.55148539229693860      -0.34418597723291383       0.59635991820494083     
  0.13143604688815694       0.26048797503393134      -0.26845480752283507     
   2.1635072692565763E-002   2.7972944267914031E-002  -2.5562176853415178E-002
 vibration                     8
  -8.4439106316402217E-003  -5.9410241612395727E-002   6.8588242978493724E-002
   1.4835492369255983E-003   2.7199375733977034E-003  -2.7925803371970314E-003
 -0.23840770278495471       0.13559772320966929      -0.24171321993775560     
  0.32802625044601547       0.56685326067805075      -0.57273016179992375     
  -9.6913031000078649E-003  -3.2855180409975482E-002   3.6576012356910471E-002
 vibration                     9
   7.4232433287993969E-003  -4.2092186138588958E-003   7.3561639856173774E-003
  -2.3070198893940973E-002  -4.5076814432207249E-002   4.6561645191204572E-002
  -2.6407273344969364E-002   2.3861670097576917E-002  -3.6986872296705026E-002
   4.4187837984064650E-003   2.0064332457968778E-002  -2.1680356158729167E-002
  0.25414662710092506       0.63250549095084285      -0.67586516311441169     
 [RMASS]
   1.0785560502694489     
   1.3656996186191677     
   1.0714511015022026     
   1.3903690996991274     
   1.1468390269093969     
   5.0883233975508793     
   1.0616217114313946     
   1.1093512556962493     
   1.0754614853312523     
